19
69 fw 01 77 45 55 3 66 46 36 48 69 45 0 0 0 0 0 0 0 0 0 0
77 zjd 03 7 56 10 69 64 87 63 91 19 77 0 0 0 0 0 0 0 0 0 0
67 jsh 02 33 54 15 79 38 82 23 41 16 27 0 0 0 0 0 0 0 0 0 0
61 yrq 01 7 56 100 77 19 57 13 91 14 27 0 0 0 0 0 0 0 0 0 0
116 wys 01 42 56 70 65 83 97 34 36 19 99 0 0 0 0 0 0 0 0 0 0
77 whj 04 7 56 45 89 86 66 69 31 14 94 0 0 0 0 0 0 0 0 0 0
902 whw 03 53 56 70 73 76 54 87 7 14 47 0 0 0 0 0 0 0 0 0 0
656 czh 03 3 66 84 38 87 99 65 91 43 56 0 0 0 0 0 0 0 0 0 0
543 zzh 02 78 86 85 89 43 75 19 82 92 62 0 0 0 0 0 0 0 0 0 0
87 yjk 01 74 55 44 80 97 87 44 63 72 45 0 0 0 0 0 0 0 0 0 0
99 cxk 03 98 57 82 54 65 97 63 52 19 77 0 0 0 0 0 0 0 0 0 0
67 hh 02 54 26 69 19 90 93 76 64 19 56 0 0 0 0 0 0 0 0 0 0
154 kqy 04 99 96 34 89 24 87 62 66 87 64 0 0 0 0 0 0 0 0 0 0
778 ljl 04 7 94 84 74 97 24 63 92 72 11 0 0 0 0 0 0 0 0 0 0
785 sq 02 65 86 70 64 76 74 83 87 19 94 0 0 0 0 0 0 0 0 0 0
838 nn 03 75 66 19 83 98 87 76 74 60 44 0 0 0 0 0 0 0 0 0 0
334 lqy 02 67 86 54 67 67 87 82 55 78 34 0 0 0 0 0 0 0 0 0 0
208 tqz 03 76 76 66 23 76 68 81 92 19 55 0 0 0 0 0 0 0 0 0 0
61 py 03 65 56 70 77 39 87 63 91 12 77 0 0 0 0 0 0 0 0 0 0



